20
100
10
33.47084423366088
3.7585723351042333
36.87485759523291
1.879564185388225
24.69295879941123
21.180784683239928
37.183442116222125
39.45927500224889
29.203239408925377
6.04610907167868
8.838230520031383
11.5136487842369
19.03536836105779
35.94933784268938
7.8135862750280305
38.45439263084675
11.57655944006532
1.816801901656957
6.688334682843973
16.49799033291375
1.870123808772195
25.354814681821917
0
1.4060580420542301
24.83277519139472
16.26436007314834
14.616742696600422
19.422714846288997
16.91612469520656
33.23367526384212
19.72530679045279
1.1081890448532095
28.938307515952832
0.9111266343911284
20.16748607815802
18.928851965038756
38.807015954387495
9.86752823509816
15.746580791622318
38.489918865770925
13.43466475723151
36.61872753129975
27.50969150553869
55.600074947008196
27.234480546827857
1
10.89187044085346
15.021580776095377
25.888354822821267
37.14025404705013
1.9906504531139513
18.210148586431764
31.061310529763016
28.504586795018923
29.276100700056812
8.829034056106533
9.088272774106843
39.5905425649825
0.46903053762386904
19.709084704299915
39.543697590357986
23.78026154112536
35.8651353759847
36.29754885840359
22.1339155392107
15.20007400703053
87.99057596104927
29.837272776960063
0
17.6708628937334
15.139568235123658
29.37091878025699
3.180402720299149
21.697505263590145
7.520127839046791
18.263658139024304
24.967407762113602
13.093791857705428
23.251886147131984
23.539306589661564
20.70671006549448
23.19482863799109
21.418185435313347
18.464171791901766
10.621167761615364
23.757027528929356
14.738080764528876
35.713811017051334
5.1983900270548755
65.20882362071568
21.580740086857027
1
37.30335111957934
38.963158057447
13.506164795700627
38.7549204610269
29.038701472259984
27.811361085261638
0.321380758682297
38.66241642517812
23.320227417577758
38.03249547936596
30.66204982465429
22.449800443296454
16.02464838551161
20.589238511111944
12.287412402581603
5.775247028895283
14.618335746034816
22.797960423196816
37.34515339536308
28.173688475053346
71.7031132978137
28.022891687387826
1
29.579618298116564
1.617578501392929
8.079772347720787
11.963152382165294
35.660028013845746
22.88823591146191
24.389298584961733
33.62670089681589
18.488650638275534
31.729385778367277
21.242188127501436
32.057029217549164
27.031804024423817
14.620279502775034
34.56437515151942
4.0392253295532266
9.88454832951884
11.365031400689602
38.14485382810469
37.89679206901413
65.94119301851276
24.884804431644575
0
5.514642058429313
14.550684290424272
1.7917961053453357
37.01037144701798
14.945811469602992
30.07922960493392
33.15107118167489
23.16408946362276
11.439378147674763
12.356723215081944
33.56734350618194
15.097743049093332
26.227865801953424
30.54360874081764
30.796831898873588
0.0888502705110561
7.4737440780960185
26.412383535155435
24.889790302650248
32.05672993995731
9.12997704754398
21.58933242992931
0
24.62776574621008
14.906630022917389
11.385217058003288
7.121804571627046
37.74291199392597
21.32806636535924
1.18920830483626
24.179793766541103
33.044049206518984
23.01340652455383
7.986639763156926
35.45968964248493
28.634011930175713
3.437100378327229
29.181650939048488
21.27734021458645
25.297426374934734
22.658966160806322
31.169942642074524
7.826698257336888
4.259132443734293
20.166879136259947
0
36.522665539959284
29.147429758160325
6.242385476244565
34.30292026723449
37.74832521667844
0.4240504640646625
19.863861742739026
3.3896567118650367
24.98711969269907
38.67323454665221
25.785036608566358
38.43512284348122
5.16619203841334
35.295875823181746
20.356286542145504
8.403578002359513
9.093275824113668
17.14130201782785
5.54734877220298
10.281377090498932
26.87353146283068
29.77212329513356
0
8.910815498779158
23.010982325419747
13.211791995072296
31.479341486900758
31.8432024541918
27.259923133521053
14.943472718698692
14.090346549165211
8.277173919029511
21.51455705663301
31.990211260318148
37.68376049075129
29.703683495875147
18.486766726850163
9.256249783522268
3.690698584422263
39.78144439251258
29.458427029324938
6.544801101443345
34.53531832600391
20.574988816611484
29.197828258146124
0
34.08593200917069
11.01480742554334
32.85209411945227
0.8503571854961534
22.827390869583652
16.42305077116699
14.844260214484809
5.121304924023504
20.970414743206067
32.62837287360773
36.352053923384
26.87161592198985
22.69779909365774
23.26220872896026
29.50654001817181
6.204869208303241
33.675611450255154
2.9248795963089202
3.432860648881433
29.239517128793008
32.18774585164513
27.515852052118834
1
4.333602493666366
33.089937954918305
31.610444313732728
0.6214130450890609
27.57839036759529
17.898796230013787
33.002928724852026
11.216456146803022
6.612643731705781
16.698012162552374
8.352164495507584
26.514414961045784
27.0528137829813
22.02616127890874
4.670097760833376
11.290907035750495
38.05444417493207
6.458944601580763
25.639028326381087
18.920484544231975
16.056311116579757
28.552360552235733
0
32.719925385305274
5.305987810308936
28.213604324603097
27.189841338791684
6.56803197402303
14.377708958751194
32.60176028044683
39.903710281125136
6.587647364028912
31.906260715338362
13.100703053666813
4.2904146867072335
29.221211138628696
7.989483899960699
18.537295992697235
16.457632696193922
39.469443109380016
17.960271493599393
18.452025785751232
10.492736267990592
90.68426069811383
20.970727410040894
0
7.28035743650441
12.639556510739425
27.66685939073958
34.13126394646861
38.31791856585937
24.7583788688829
3.116750377930515
18.236046925320508
37.2217612161687
31.834354230563456
0.16077630589455438
21.48336368857542
24.099279960931405
39.35949633316389
8.660383219331159
35.591993136554606
29.504485870110365
33.293031903176164
8.201444643507983
31.865962734461405
42.5915228264655
23.20865148901018
0
11.146252248275266
26.086309773300176
9.46837277059181
27.52827457990773
29.981658122148925
39.47946014331437
12.975099111205921
15.23585795210943
12.104905719858463
11.37376334258482
33.11985124477082
36.349085897459396
13.42711557130896
27.753724556743904
11.518206192058361
35.4475510440885
13.618829861599636
15.260862235349975
9.396329757172047
29.86479277627875
22.590923802923392
26.85784564498583
1
24.668133194313754
30.33719382245911
23.70162431432017
26.068870111072325
33.83454269037172
11.991048328263435
15.345902238710405
26.767466603322863
25.27171225079733
27.058606779948278
2.5335431830241406
30.999306951122048
1.0045801499508444
8.847665619443248
17.833966241632385
30.724085006943255
10.718797906544442
33.5737787207622
9.477080346052041
33.968666132238724
83.33983783795631
21.444819169217894
0
2.1637630221720006
19.41462295494837
28.628830892555936
20.550635113503688
12.004478692548002
13.201268009949718
39.63188384977472
17.510160039982246
28.85287823537176
19.97039836951376
19.267029691996534
13.47006719190313
20.905914027141716
15.398387524564088
2.647289145760414
23.834704769694067
20.163339997954324
10.799633956751627
3.266787929610535
9.559908104803938
62.82929483923429
24.2009266821163
1
20.816961303714926
6.969495345095162
10.968043188366558
31.074004618402267
26.237123321207342
10.080144464624826
26.82344054183561
9.624983475608273
28.085134554798724
35.790364329841616
34.83082523450268
9.884640010698291
6.737617626671364
38.91838426521781
21.988143435798634
23.55274101605968
39.22964273506432
18.032366517732843
32.22093501928852
7.104571609195283
66.15623885390345
22.912212743534933
1
33.46420350369804
13.770040862474833
16.79484551325586
15.75978242994481
3.188778707405695
17.156908960398653
13.790398878599351
8.783946831462522
23.92707454158083
10.828708607888483
28.97271632346813
18.57391516130591
39.96184848428396
21.928405243792767
39.18362473710928
0.280365439706749
27.710875786952727
12.960865262676604
33.14693896358649
18.83917222936772
80.77636307676653
23.647536411076644
1
11.878126135823027
16.45027429957022
26.962390528889543
3.8249450349806935
14.716720905067998
6.612050024186309
11.102112417462333
36.259851304131715
3.7111206037947087
29.106230735801923
39.58305848407316
28.468609978911367
28.817439609660997
2.8451017670228707
28.3946474878784
10.106230304490285
14.571681250528243
28.005873885831647
39.79543425556657
37.69038694866185
33.73222365822113
28.23125509846417
1
30.439718185379384
31.2077411538204
31.720213380061523
4.810022075070077
0.4206656541925913
9.373278502918453
28.43642620964447
34.27748643544023
3.087322296326427
3.71531134967785
16.833786416949224
8.855421084755065
3.065370578938036
21.65154037545474
26.522783073277118
25.745665366991453
18.41194225425799
10.338215015276084
27.15308096374298
30.228977360165107
57.625056484277174
25.463336849425875
1
26.00356029803077
2.6337691338291425
4.176091360972909
2.800039902308864
27.592479649135903
3.5077434314819644
0.6732940272188559
18.32038957576692
8.761605507655577
21.788094818318214
28.039332635035706
32.989571610781454
35.80018692573557
33.159118281991354
30.97896848221986
20.25711250604762
22.879133172295496
35.65835708216532
27.71791639876352
8.400095302160109
88.65011215645463
25.563062992779106
0
15.348832122577804
7.463939471236736
10.220910390375435
31.914031084681685
37.10961338760174
5.853990047037159
13.517404079193307
9.640114856630092
25.027781794220022
2.2024917081145112
18.155617921126705
0.23180735134623376
23.133147974518383
4.658974663151403
10.778490947318652
5.789457855018889
2.89580303163278
39.02136321543785
7.162100547165364
26.27292444151086
65.74520392421398
23.25407060088393
1
2.7669513110927246
39.3110758301306
39.27808835872
21.367759718787923
12.982904533411137
0.23183965778020177
33.59274582176888
12.581986466793872
12.147181876591135
11.506284034313005
21.18135979713156
25.860242854362966
6.55790602361777
19.396603772446927
14.884821498846716
0.30995740310009623
20.1540913842226
7.749980670948116
15.51007428717429
2.9266008382090325
15.609065661149069
20.143157132286873
1
22.958984885863238
35.4690938923891
22.404796328892417
31.4898256663338
14.174652654868098
32.98224696082933
16.058097362594886
11.505406907484343
6.404453167511339
1.7467937093057984
17.29498124000085
7.756903885236164
23.964130929178648
11.75187178240714
26.855882743116943
34.18347486274638
29.98221659658471
17.73776726817858
37.83306457872763
29.768850395598697
76.66490889822836
26.35265801525891
0
24.004595776941358
26.724177457275303
33.13840705818961
24.454926627579383
15.200697951364646
30.024838692898314
10.295568550946834
38.79948295055935
18.746293406890274
27.062583208350386
10.471366416619583
24.392599330906517
38.17474294796487
34.6629157046776
26.219823556076108
17.92678768918055
11.107119320931735
19.885567247994057
25.169079771405
38.84815085855929
70.24052405979319
26.69936792661534
1
2.199288483528812
28.143736524410702
15.33750472787137
32.47421524339451
23.134537637957777
28.429064555131454
32.639351652706154
14.249574575166136
18.73440517934768
16.659376598832623
12.507944914247089
29.826928241638452
9.970069705771367
19.222912517744234
24.42338769277395
33.71699227616999
15.498337171965302
37.75770726970531
38.492675326339246
2.897022968621328
14.930076895149714
20.95689695925538
0
0.6938584326407549
30.384070063328696
20.719240568774172
2.6913372316038497
11.127069781091672
35.385402065273425
28.063026864430896
2.1725212141223382
28.854364484023126
36.01510840455226
34.438646059548276
33.82844998778734
37.59495796544191
18.52227756955218
18.96865091905198
4.542448385086311
14.63740200038007
34.79177521141311
32.854493374593204
28.57433010038956
30.252991296643337
23.013350538798164
0
7.7684538856713115
1.0374608720380118
11.032209614861568
19.795135568273267
12.112282628712885
2.5678803189352806
23.107818705602817
25.704658969635016
3.7186737599748687
4.253195134602055
8.13465605849018
37.96209385242086
8.745611035296958
3.5817381016001892
14.821203082717638
20.15291847751495
32.256782084380866
34.16701911623316
29.76960747253759
13.66130364138038
14.695474983015778
22.027557443805442
0
7.743634226122587
30.426241832223127
24.153648250961304
32.541646351903104
27.20625173833784
28.354304659384443
14.956409756517402
23.336862391254336
30.818085936938957
9.553299552966234
31.73859515655306
4.285260204204211
35.73598955469778
34.914038886886416
34.49667965302881
33.0525346416149
30.890766650844228
38.14454285440966
0.6987720830831501
8.18909968961047
40.86145279760499
25.18919186429209
1
11.238460012068717
16.614810574066126
15.613929915668795
33.62356181930655
36.28685899160437
36.410772642337236
30.89962514258966
36.04577588172726
3.655684808883173
29.453150990487703
31.506509045848304
8.145072445522716
13.268891840846324
5.14597897462457
20.058072511487385
17.304308199843035
30.96363637480645
28.375229166219135
2.218454208301135
39.78011085465706
83.99678867751535
22.74950688370808
1
20.347976884876825
18.597213286552527
19.220365984240352
12.283310932872675
33.76976557670548
18.222149833639204
21.599562524534903
2.1688904766118133
20.241603411428862
7.010674959616843
39.20869210078956
3.5321137312540296
10.251799354247355
10.492154890120782
36.19759396855976
24.998670583581607
6.9561576472312225
15.18043369769481
21.82967881485677
38.718819995301345
79.30516978537784
27.76939508543772
1
29.814523533694764
22.833440365986007
18.139715461699804
31.5409989568558
16.305935594989776
30.384737554074853
2.270823886897184
27.597984641858005
19.96320804109407
7.668403188785224
18.020496927475307
36.422294564364755
1.2575784297428871
14.300764330833196
22.19346264669141
22.284198155614888
9.083775050336422
14.669588820762405
5.533471278571365
11.864734967473328
59.60018361700067
25.948023796643955
0
24.680103030441217
14.572047533567517
4.708553991116666
2.8602286075337258
37.344275037500864
4.623754274511795
26.125259957536638
13.266122198192377
1.8989274007234735
8.46430020772901
10.616098427228732
9.846249116767494
11.030886367934034
33.69690250734847
37.00959316644615
36.383502030062516
0.6483952597670051
36.98891744218837
18.430076788636057
22.72695010551642
12.820509581430528
26.265787823802782
1
38.90661938011486
13.431742287909593
3.250076647579525
22.03476399869718
18.043382347979083
30.16748403744313
31.617416202192416
3.8104516030511837
39.70665859166152
7.23188195393452
29.673289873328997
34.50785832894587
23.015142122388966
16.257428803801265
24.31726076301239
7.356801189702931
18.2609758464615
16.658848727299617
29.51680558676683
10.877686433743712
78.31516617920556
20.65589587378388
0
27.716072664203047
19.33955197375546
15.980765367056708
21.89305181740125
20.263365210156007
23.93352767299284
31.987661060528893
16.332589346038723
14.758571870887135
21.633151830030656
14.508720677672681
4.275657763882679
1.3605085261326888
16.39068408367063
19.661604868063314
19.489523450371678
29.862612165571704
39.28876405579613
36.26346490515182
34.49148898074503
32.21628892528416
26.72636598642145
1
28.10636575105385
29.707193285212714
0.8008372879675107
1.7411168884351103
16.78805470492977
32.48855820990905
37.97096297042231
26.467500715318522
39.20483660556252
38.18178014193988
17.90395412173259
27.57255663248362
7.768473265816049
34.5789393068122
7.151291579346681
7.973605371125916
39.013612595225375
36.88583957076152
1.6404315796394897
16.234066750017064
42.18332866497596
28.636327091437167
1
29.044659694254914
36.200195715886935
31.93642649978873
20.416871285297283
27.671446292323928
16.975804342635662
37.49523325486895
8.84076486876455
34.82564187275375
20.463196563005926
6.457292191962507
19.0643361870039
15.275741948881393
3.1333236536495024
27.313899260476596
6.7499185929552885
25.167895260052212
15.627014639222585
8.39087192682847
23.03753383280343
98.84981500821694
28.786059870779045
1
10.918953499435165
16.839817033954496
27.25984844775435
25.55831302250124
38.47133833938862
15.930267907186755
9.388099729939583
19.02935306618742
6.355476390687316
5.410702487758696
4.042029651307453
28.598017044749824
23.50248387840685
19.63335651865679
11.03892496791218
17.719107020436855
21.47014787991674
37.324187992751426
37.340952158706166
4.004753963568661
77.54442875483882
22.76220470118341
1
34.1058847526409
5.3213109050902885
8.159572966245076
10.26451429780304
22.029646538520268
17.572175957603125
28.83928160527192
35.95975613396932
36.401087096922346
35.36527914417186
25.761108725352095
15.075404333805626
4.8984749931187554
15.395448047007413
30.826474976235254
12.874668288478164
30.21233160496136
21.62024121989151
30.096731358755477
4.195405485227166
35.50443232009367
22.353340794668505
1
22.09817224811932
29.61013924657603
6.063275288726437
30.87585587837776
30.4186050824196
14.491817919674887
23.294662718002073
20.253299546311055
9.514671343957005
3.8262184885140593
1.5407748272323252
25.774746980769315
27.36667839569739
21.634205931650374
12.812699324195144
33.13539729952977
21.17309264449528
2.0020127784192043
38.86697952509452
22.097774556408226
29.621208172398937
20.900576360304253
0
36.221081509848105
29.332087719457224
31.315028242844072
31.10065930554251
15.695003539673147
24.924611479926927
7.577827142901383
3.421795951549176
34.4429883943985
35.727269908193996
27.027495184459905
3.9964604862396103
24.851189091169857
32.35200875718283
37.928296278547194
15.904704571582457
39.670261774243876
38.29326994992538
36.25850735085819
25.305323806646754
15.319243888895873
26.69731091101832
1
18.087594242324727
21.825405522557396
25.47784617798765
18.140714997038657
9.764507834376746
0.42264230222641697
8.60530723435064
31.823962254035692
14.635689371514612
9.27635753402701
35.5003566772227
9.335796767266316
0.4438235801935253
2.5590076878968393
1.0487640702474232
20.50321612743481
31.701203338079573
23.497224157649903
4.438271170038335
26.712566363587307
80.63798909499155
29.709786827304292
0
21.557467237647636
30.222127722748432
5.711204142905237
10.77633293292681
6.450956321577039
23.921774449138287
28.507248148873373
4.922776446357071
21.127696387417906
9.650185996912114
15.575246953308195
34.486605931016534
19.07391051260155
22.5738776810353
34.57403238803883
12.873605267121278
21.03033709874255
9.502883743104231
30.869758018879246
15.621539943069106
52.37263053508051
22.83076799268692
0
39.697083706905744
35.95155750539494
0.8836795857229163
10.059075782505854
33.832526029705406
29.26432302309258
29.173267547468992
22.972186186164873
24.76203176361819
15.407221358083326
6.1096620057969675
8.03054018665691
10.42496249933035
34.70935212358303
5.2593312751743415
28.330714938055284
34.680832600212014
12.130621282842027
0.5940324096109251
13.230316962551111
37.692697339173044
23.966598383657324
1
1.8601665173113213
10.313756965651262
26.341989607397373
22.205188390863633
16.912186245671244
21.280160936336845
9.100358634557217
20.70654243223999
12.349671825388334
27.851161182166777
1.1486792406574464
39.56479846166101
32.901246588165286
38.280825081782375
7.9028063352131594
25.19145428380103
14.906496585358067
14.271829597331728
9.93533174226657
30.676978048766973
6.287968450286563
27.34788142725631
0
3.8695876440948584
27.581686042218976
32.183344693547966
23.58999265048301
16.53728348029508
4.148986231650333
16.049333675248214
2.4206519345662914
25.189793232578047
7.146188760839021
23.96870155809617
27.54364124568651
22.569737183481156
26.941433856886462
25.877234404571308
20.326515882714737
29.20671934678539
38.01297979101357
3.851138830966905
36.90291921871722
36.69393853257051
28.75281273432749
0
14.637473670849657
26.631834314010945
11.6183751250305
17.356632211863577
16.64735219028072
17.261859630880515
22.88913896535029
4.473139915045667
10.76550185646656
12.092203402332089
21.958686023354417
33.22672043675708
39.15485371059305
16.868574091264232
0.6220007245153258
11.400975363326712
9.401795051406312
27.951984378521555
36.937649411606934
30.07974763303453
61.15928906352378
27.509277205735657
1
30.861872530122
22.084050347916985
4.264033513697942
22.227094764680352
34.144486764362576
6.587075591205416
7.8080966736018365
17.71934678278326
23.683853542229013
35.44905887910912
37.06214465162237
31.626336977711837
19.43301013796896
30.24803791359989
28.512979997932288
31.407054061513318
7.44535259102296
1.1942367293526246
36.46664051531057
2.709762894824257
74.9894740403182
29.374508773611097
1
25.15455531903752
5.771648917282559
38.0998399389469
32.5309837281124
3.9410491235538325
33.80640990971762
2.8868572894604494
14.095532572082003
33.279068348278706
14.026907130731981
10.934795465605953
35.008698604289016
39.9304004280456
19.90678870064828
15.617297711949245
35.39450776396379
36.2677914495216
37.103382314139225
33.172135662643555
11.010340793923298
61.6499628547691
24.27457734678219
0
4.047635545217254
17.53528750687287
29.348632902817396
37.00096359691353
18.173926438997583
20.514836519000106
4.233331822550244
10.861690569061535
39.572742551788316
20.08908996786233
29.989094240396202
19.708334347267193
36.72789317102922
22.633464374014494
18.87364827723728
0.4991379597211365
39.15125510764797
39.879289342167056
19.078527765265285
28.087474127001325
20.136669092861638
26.749225529081265
0
31.754784257989044
32.11745908898915
12.242171370856827
16.098302783164055
36.729855812463825
8.69828298738684
34.37899210244174
25.694233313231386
27.76152660700925
33.76586433162879
23.6000211093641
16.745402695989902
12.041111006114793
17.73105110246965
6.758505444106135
25.69968336075808
19.269260940092728
34.23871581526366
14.613075553197508
26.465016195522058
48.037860281242736
25.72475753201655
1
17.669862321454154
32.36532191822122
13.984591671438164
11.898939684891712
20.876600886759448
10.7486688858378
1.6543603522634154
12.809739021980766
15.027610347256415
1.8237884466968213
21.591418358091232
10.065548447487576
24.385012497833678
35.05961556214753
18.386590358279413
29.40586414203552
23.29090585681856
37.98593825500506
35.60180708773304
8.236366678773134
80.0680331883165
20.04725345377763
0
8.59417303062408
35.15297900188584
16.47691098441007
39.13169098908463
25.030157653700087
5.362809745169916
13.676213804511201
2.6105199912625343
34.075099446528384
35.05793288313919
5.2453952511032265
25.81923932529166
34.29962165252986
6.973142682602522
30.160977811012263
8.640405968668588
3.580516259684847
22.510557116276146
7.923941218944788
0.11921160598984848
60.21005963033353
27.42238993306819
0
21.425533439308303
12.296046183146405
6.713129884542224
5.63938821190376
17.826675174172966
32.90427602337783
19.105013262677257
32.90005935229877
0.19309456521579893
9.684512330028765
16.446399327318165
33.41961685076754
29.52990120310368
28.39633768540258
12.10572264791255
6.183289008939874
26.45045882200145
10.097153226455532
34.30607306374623
5.877576882454809
50.95023422461375
29.130319296628233
0
27.1743542516189
29.806408646262494
7.061307949528901
12.793594470064544
35.788286395083254
24.923928155763978
26.235578570524712
10.876713393205275
2.340409242762953
33.14623187372698
4.740896811195725
36.52269119020511
5.225423755734511
32.801882221747626
34.47164527344776
36.07972199810809
22.213982961356162
13.746251004766489
20.256734765413857
14.77337075334162
92.50804893549575
25.501357691216747
1
29.50373078064706
26.48784646041029
31.044414299758692
14.45012314861675
20.178068419711607
14.873256174594172
20.84093933781496
8.205333206878498
13.279414702685886
9.615727856512098
18.29468826495711
13.460575592198945
22.014552810896753
1.2673055886166784
27.72601019886997
5.571587469416737
23.134239472856688
3.7340117153929997
12.3590258421569
15.853599669965108
86.83611084690955
23.022156596739386
0
7.6866702470939785
3.755786855865826
10.196250430599862
1.1765583913363686
1.2558491296279906
10.139942883711882
20.526870642616032
33.69125627579948
38.25755041631957
14.962818512974113
3.646516459827951
1.30970241084146
6.225052229816366
7.016381652419259
22.42663860407113
3.8629906528154123
1.7854717715591173
6.656238129925662
7.684307121809226
16.48080244509979
42.300758143560216
24.409710396965565
1
35.995467608715444
13.868872382793342
4.155737481346677
33.37001795139528
4.6310246783798314
34.25487373067168
12.51265095872201
31.510110390764197
35.17475393181518
17.9306113866515
36.52687009622022
34.03964927032793
37.95923483207074
12.864363204355858
7.417852093469204
19.28919065571774
37.45265077872009
11.44744881954498
33.73101955168305
21.079860574589095
22.896085553649115
21.389639526235193
1
0.37873914899726024
34.26073566177228
32.879723233070465
2.3614343347039712
29.74025121558841
30.687582121190367
8.916689998778548
28.075071385021793
21.2990559658901
6.271505686738754
22.81502796559871
19.250553154356382
28.66800021895058
3.4738347916140233
16.50124013433321
19.98826418323239
24.79089218789277
35.13069607872902
3.475040311709856
4.099697717491608
73.0024453689941
28.946312911978183
0
31.778714115699373
37.69825392368467
38.92035235125989
5.272872715388925
5.206763039826865
35.58319500193136
11.200617573911806
27.57950128506705
36.1034679123536
2.5029520601140742
8.480320692335575
1.0675983805309253
34.37826722398599
14.509606742897766
30.29585201274605
21.64308764230721
32.52073977488054
26.15133220353393
2.5668482109854907
17.72898932606863
60.32237096008157
21.50191490168994
1
38.91745886508035
18.014572160158167
11.698902025689977
24.432920977088095
39.75297551302016
32.90317047190548
27.30172336859901
13.500247553866163
23.111673317658802
11.576436947963824
32.11867625943874
31.95373047707846
26.383216154959584
22.552737616664686
28.266969422190684
31.40587051255405
36.41686575209385
9.41693103644408
19.676750081625578
23.92349658599334
85.52005867538709
26.986022196411977
0
31.404975435519393
27.21166249605391
30.00587639137372
20.43158370133518
24.304655834050894
27.80719477365688
13.630343865414627
33.57130426451178
38.2792486130345
2.222018274930333
10.95451437863272
35.47145353188947
12.50086412442359
24.63843923422143
4.637602878298104
12.15577180598979
11.704021637176352
19.852579244334265
36.836614986143324
26.807413949976358
57.19983080297426
27.76076229019158
0
7.997434220760917
4.35745933733187
32.93218971383068
15.208409652610486
25.149674571908974
23.857870954323538
26.018644513129644
17.29362454971959
22.968087164063647
15.183083228591912
39.26744332686973
15.020895626751699
2.6314272204722533
18.590271106167048
18.626863954752277
29.539049063442388
28.639617880092768
17.357549174317644
32.32953035202127
15.643039756089333
69.15456507337908
28.852333068894517
0
15.151960270683208
4.714770660433665
6.9215819640570375
12.359367503214456
27.549402492033906
4.247864323899098
3.252664902267939
37.135940677789335
21.392285197627857
15.579053916565657
14.520573979800444
19.04723657934136
13.11085974444052
25.030899211351866
3.0757671714671275
32.67344538162889
15.978556458588734
12.171602000067892
18.956472754287912
5.413401422668023
4.379420558423663
24.333636430092923
1
11.116160417335808
12.633451175765092
19.43194567350688
3.189168557016302
9.605022570427767
9.192248301178157
4.571776988720941
1.967663455920099
3.060838365296852
15.204408779815854
4.593729571478038
4.418220612072266
34.750706870062075
36.892489880107895
28.555489872349714
12.22988941889382
25.17699568419618
26.44892177381078
23.586744700540578
26.711346822139014
8.15366756769742
23.811218530491963
1
20.037726334216558
6.368943345571596
22.44394760725723
15.269805958768394
33.088512414677076
13.446380753471935
31.99406558802916
28.050682839998956
11.65741111523262
29.434175591851375
12.979853618876987
29.80440292525989
36.350363011646934
32.90895763767984
19.362861842282623
32.397008059095384
38.9350852784452
9.133821103276155
1.9534446367423097
39.0531336809025
45.009712027355484
22.236483510939937
1
38.98212592076792
10.236759734181732
30.625597215735016
21.421446961261502
38.257958242562026
35.87558889360185
14.023074881439879
36.86994088329906
32.08762501887617
31.810493555591712
4.691134983566032
5.18184945757735
35.22988347398896
20.525387827593732
32.79769309850538
18.74302552489806
18.19633913766105
36.7069941776152
29.22756722209951
25.090288756040522
32.03486288412765
24.700088507274558
1
1.8123328583580323
31.789312263150325
17.757439287249078
6.0613287636582
22.401958815625314
17.998478859544917
16.274361206940444
5.197046836088606
33.64181600050603
37.78793835276059
5.680748820267989
11.643516528938465
2.239729564903863
8.899230525077408
16.280133908801993
33.47662719467665
15.747265548481622
7.560471561727127
26.89788400680567
18.124346203206684
13.898863170781539
20.124753198790753
1
25.992151150761327
27.11426948076362
21.432183166547567
28.830215639071916
30.393633757531752
36.603995386465485
11.59903932002107
12.751871358466968
16.889711227987103
2.695795356474262
17.86200610082155
22.119306558945333
32.205865148971796
14.405593237428063
25.748281034352082
5.458784871214659
14.549235734811834
2.1124723249072197
20.721535161932177
8.477811662787209
77.46980598514361
25.21971978491542
1
30.569666492816868
36.21543120655569
20.064830344887703
4.620202873083072
16.1697263860492
16.905620002739738
16.2473280997863
29.053879731439718
32.04554943193272
28.33261625553788
38.098615904031654
21.003770529834995
30.802742086787593
35.80042986018661
7.85190586419557
15.809757873938622
28.67608604743802
10.668508902945844
26.653259450834717
14.594081120407614
29.501469816504176
25.04600953850839
0
37.96508733467291
32.11000007293632
3.458177854272204
32.938406067864804
18.92239881660958
33.818060832695515
11.87822009290671
2.52522950014614
5.895140114808424
25.755373038438695
8.670203667538203
16.735245830671946
6.001686865338689
27.192324443703807
31.794588166091003
37.85912254611498
17.297489728265457
34.30973600308539
34.48800839164202
22.54819382795702
54.370244510487886
25.201722374826367
1
4.248543687279365
32.27096244967479
5.08401559222087
30.99471055115322
9.173129205860263
21.967015218726416
33.40300562951346
26.80079070940937
36.72964769680513
7.322176357352559
10.599047778817198
5.237801269798221
11.515629884628344
3.1977460245882794
1.8772976887798043
15.135023488728052
21.491096510670108
19.159905037666995
16.498180968659653
5.036954384324743
49.91721996819171
28.97051056902714
0
2.6279210123223695
23.60101629906858
10.624836887205223
12.65776128392444
6.852569391929193
8.148281125023882
7.4596764444611185
25.73867677787138
14.405632674638863
28.057670384534465
14.319970946635232
34.551046215969464
35.171574256838255
39.1225541018276
7.656076122115905
25.29741289912097
38.03127949657631
34.08777218030673
25.43922476371455
12.548510446310154
31.782972139483878
25.853252147107042
0
13.040829390937931
32.189648454207514
24.70883070971681
35.093811488968036
30.116733474942805
30.198307380075885
6.078614327489613
33.6924454318692
11.15502417785681
6.154749842130842
2.245047151486408
22.187126415788235
8.329495382888705
16.572778470131286
18.72085826001316
39.69379454185733
27.122935273077925
34.48860105137515
18.149277741336686
14.910853287598101
34.88140513541512
22.185081345058926
0
4.837512312652281
28.93451523625381
5.624199663897729
36.20870237730768
24.214045795384642
28.605016557532
31.44326798054275
30.211047756981483
31.144872371819762
28.481550867677488
5.662315984013873
25.25821125598917
0.006483682067566221
25.981395758131484
11.407174071051674
39.0004838269685
15.33537218012452
23.29090225322237
19.12280138112701
16.67273535295568
40.14276842756451
21.334227755906984
1
13.468977470463287
29.655092049381633
9.007649361501805
1.8424197513163998
39.09390815104164
31.531158005865457
11.533003806847919
5.916268530016442
19.220645189236286
21.386762837632553
32.3060486041788
9.223610658753426
36.16917204215835
14.84629162060138
25.271992451982392
0.14057735683520534
17.248653535241594
21.124295265084445
11.463351267734172
30.885586056797393
68.77066808845865
20.37308726591119
0
36.02672320127519
13.168365738572106
7.449633880857802
29.955723873657867
25.688475830311127
13.87892735126008
38.57416382382672
37.94351554525978
30.709011896252562
4.857654216877942
23.40335811314467
17.116853710902614
23.78353968821599
12.494370218057105
33.836154360539126
33.48277846049554
33.05408447668079
29.179834960022003
38.869928086808436
24.37045577513802
96.22838305596034
24.619484433023956
1
7.488507592946045
29.79305345155305
18.12350068673945
32.79362149410671
25.902353204950685
17.745071015397883
29.722415458802143
5.709627853789443
31.120871821501478
36.29646026368764
3.0560944809404633
35.52574600438044
30.071638874626366
7.165643532731547
2.497720923562734
22.71234975782852
13.228348848998026
4.261341275898456
28.246130939408648
13.647069629104148
3.3346306056006747
22.0260379340366
1
38.688462945010535
11.888530297414771
36.72656195327213
6.191163714172632
9.504702135330326
35.533300096750025
18.041025141616693
21.401357909726286
11.73578582631567
32.9638844448218
32.178016359348035
27.69231377479573
12.691964018514398
32.22018580899919
37.14770159699154
35.98906471134182
19.061703342787354
31.389196076713684
12.934946478502463
20.65584067259785
33.04964148747058
26.848059446092297
0
37.255699717199136
28.517408739872575
33.68390512295123
12.356377772575291
17.823303595557288
8.036656966160226
27.246512816234812
35.85151971792621
0.8104944459765884
7.225253284163227
6.241327875044829
33.0579649839575
5.8494620834594135
28.541787410540238
7.25918786663641
19.62941994047155
26.359108920850865
37.20705896038366
11.22655216137769
5.575105052137839
62.48375898854259
22.207319829673857
0
22.377077148033713
16.260177471766923
35.88580037364032
5.901275124774936
14.647075067747402
20.349673101783292
13.773634096658105
32.12947279907445
36.86627885928213
15.18581579676443
27.472709949725427
10.397183220449095
11.4538193503076
23.243607272318712
28.651334468245473
13.292779469750151
32.95637578357773
15.90710017610947
14.961701544469278
13.197216554633457
50.63758128255677
28.056991870995844
1
13.83983534459016
29.20754806071558
17.85231583917387
1.2353883208743577
1.8611685981669224
16.146485722458568
15.987049820937877
11.725515429372951
39.29506005072274
38.20894604366632
30.18409212553238
25.18204268806055
33.077103633413664
39.21486719338361
23.284860785855052
2.5296826091600266
19.305350815565134
16.48657890711714
34.437811769126384
7.25888809495701
7.354739401720245
25.76633897473167
0
17.64249867465155
11.56899345099645
15.798479217249008
12.817253605979246
33.509418837759966
9.939236063786963
19.960290627061713
23.08507647180054
6.9071038559232045
39.73825549377395
36.83416789815476
28.43123945001157
29.108862869207645
9.5716510629049
9.47305336913332
12.176757424710459
28.926999226208167
35.33371114144962
0.5190049010746645
22.248580733505527
72.44705217220634
29.15191678769118
0
29.56085100865593
28.630215533464867
4.266597196768074
0.9930771707533914
15.066890778663758
32.46898342700602
16.39873867857661
18.053205338429024
11.826484474294197
39.43957463611599
9.655248328038638
33.49530157012452
8.873481762433313
6.60531467147623
36.1171503731636
0.3760571803158408
4.3219216905988445
14.652064266004171
38.71589037478397
11.793832444024869
32.18494519447742
23.518786688249513
0
27.62260085925654
25.597477179169537
4.3993033147974225
13.002826194956532
24.670177326048545
20.845151627632298
18.527382188896798
3.6491950496244696
21.042751617222528
8.039524298932585
3.614241382533474
7.502746824849527
6.11651282097422
23.92956309187781
11.09574620255362
20.78005470172949
7.611238138433776
8.664208835311346
15.449027605733123
6.155006963456282
94.63714659741257
27.088725919341215
1
14.506544922960583
29.901592851945168
1.5225642175923149
1.9463926978547885
2.1184695263371145
14.430034751632718
18.885746064364966
23.938300964865725
17.338473939420098
2.1305522676413657
29.61709359212819
19.327109027646877
24.788144715257108
15.11249963213196
15.162712063161683
7.533742677269526
17.147643357543355
20.891582775879183
1.0635587072435504
18.795720866299853
70.61267270141695
23.256974320217033
1
37.23892706482955
2.364061883400743
19.516977211818904
22.376076301270714
3.610583347334906
37.079124337419216
3.0138530308501466
4.7583649615903045
7.481443794310372
23.505782600984833
21.11260323469269
38.55416718947395
30.141297188986172
10.072127765737594
3.135600424758973
25.39567793820234
18.40562348977206
15.77803583855436
16.201411126845287
32.129078038261795
55.254837835269555
29.700865879877817
0
30.10357427329972
12.259374308279005
29.165810661409854
33.77941772380148
11.62896513069207
28.42807224977189
25.153073475821977
23.481656889296914
34.8443017735972
5.228575983766248
13.208965202759604
28.846475822653193
37.070894466120045
24.36080005985755
10.164820302390872
27.933367260827794
39.00103316794167
39.85561828549737
25.405453550818624
1.25546146432451
48.924234077117134
27.169273752234936
1
38.43803145725295
35.31383065220359
26.63171359612746
13.722321951338046
11.982698478347071
12.82697797388046
21.187097982431034
5.62467071483872
23.784273448521027
17.942989602050336
14.640381776507766
12.304525257753834
1.8679747248861878
22.662841920034182
21.55558963004006
21.482705728995928
3.6769803885041608
4.332337023312363
1.3134933036759477
27.74767317558206
8.797579069443707
29.58608440978895
0
9.031841685531159
2.9352910955042377
7.620399010524741
32.07740838612722
3.959709162884364
39.503452016718335
6.02808448489653
22.909211240926993
22.0530215696686
20.026667721935766
1.2428138924787602
5.183621710778978
38.858674614122165
22.05597494030133
33.47187900267
18.244737370986822
5.863749291714413
6.785691504013651
12.194799284630538
23.718950338013972
38.87707889507712
22.244686078518004
1
1.3470918358257888
39.122043838860506
24.239364675542234
30.879758165114612
22.661711918298025
9.141718000785467
5.605129447987545
14.674540941855785
27.434238768584454
28.07722769248326
20.507039329776834
33.523328747836125
19.551263094316052
7.609971881622433
39.54669280413262
15.340570746873192
8.627344576204399
27.812147458559334
7.538346869027652
21.888812217996772
64.84030241329
20.264773438909323
0
4.732750646183215
1.0901838428248256
22.12444169819581
12.268312648325619
9.483404822858642
18.718427704567976
24.73468209124092
32.40694893140323
17.082416246935956
20.66895844852516
39.26325843641316
27.698157627767262
6.331456932229398
1.7400432388497977
22.27146694654103
21.359401103559957
8.407994205678339
10.637119048524802
37.222844814190495
22.245132056681225
75.28254653090403
25.671180887483708
0
6.162618358588308
15.253166361178284
3.766933142867579
8.349255869949769
39.77129029180529
0.7795796489495554
33.295455075779834
29.384396994210633
37.98723196316441
31.831403614418512
8.997823238321633
9.939151015383882
8.249219989663018
5.0027275306084995
29.484256256885377
17.679010125405327
8.320598813741809
7.094655961302001
34.66142124248198
34.28815939146517
72.84245592969307
22.934823971945274
0
14.904584244663667
17.845465226176206
20.715999959983364
0.3194558729257446
36.22711199886689
7.7338745096981
1.047052758501641
24.047229409258534
14.89679548333321
35.595903393023804
36.78483175222934
14.84137658946294
28.79795811423417
32.09632782736836
22.309091695387238
17.407208873979126
9.984666895761531
27.061758989021648
1.9614824395007924
30.438181404544473
78.34941791431675
23.328478395910768
0
21.87423373201749
29.776369951116706
24.598244152505163
29.695529568636815
20.267265310810494
34.63826771451036
33.72508934958365
34.08427658782569
33.308817247200786
3.7254946640305597
36.980465653374964
17.04233436344591
23.22531890645784
14.033859912296913
20.952509394784485
24.623885246735597
34.4803673211275
6.723625292206905
11.987820931417392
15.064498553778588
0.412687738767048
26.221504178178048
0
3.9428653294219274
19.99898248655091
6.902332286426027
19.50173714975429
30.380763874895656
39.72240695011195
17.07670149551804
31.757326489906408
38.55966021171061
24.635886433027192
28.65955496203499
18.072393657746492
8.95912324524167
28.431910633432878
38.30786133069774
10.806476096027474
25.249448011212564
24.26024303622591
34.35740925719155
21.30063034444015
59.128294841402294
21.431348300277975
0
28.10699362405199
19.3200916616315
0.5512351601928733
2.7020401503252467
3.493782035622539
28.92839553985384
23.511716956887607
7.996801051476248
4.143078029393159
36.25684314916269
1.918035220773846
2.224999780092789
30.289909471436008
29.243508172003363
26.37663893623907
11.713582894473276
27.115318660749438
20.9390129776015
30.783208482877242
16.334279754670405
21.905162273826473
24.71468265079265
1
13.599290440028135
15.1258443981428
16.381622553408455
3.125722281900276
39.70414896117734
32.92602386848084
18.188128490879627
14.60384015022774
29.461155409361922
1.5555103472016318
5.693273977929834
8.553467597022703
36.2662311243927
8.332345188820916
9.659919573686402
10.771763870980923
34.25830523312948
11.231795109632877
29.778593660547372
38.58222177900839
53.55004463862467
29.94218685327656
1
15.484283720308047
5.8431468159701305
36.265056969589445
4.060532562159809
10.298420952721958
30.357228904333656
24.55545026212554
30.916158754580255
15.968069744791569
35.296488042936794
36.19565422904194
29.033241680296065
38.597399481907146
38.35925284133905
14.954792674757783
12.705727670465423
35.95718785298018
9.61247189405173
17.20410024134171
35.46073986222404
90.54256312668836
25.07992794061144
0
36.45014171430425
25.170030645231364
0.8734889556913927
18.072683156082732
36.84236986992812
25.922241660373878
25.628690934368656
18.630821599443838
23.92958287617354
0.10464408488671584
36.752354864445984
0.32256374892381867
22.24085394311718
30.01511571772935
15.625602180980888
38.93266100085897
26.885594647622504
14.476903431886651
35.53369322923916
13.443698985564527
39.37574656077181
27.66738739723023
1
13.53061821307612
34.66963665130506
2.1302060978212323
6.627755204193035
17.642980131392214
3.548590752825951
14.00160150845859
0.8109639187269924
13.787408835902944
23.47348897079403
33.7024706971207
20.779473338453286
5.993064808540485
34.957424054787715
31.4036587156688
2.5669014621668707
19.245510974819165
20.058825107836252
12.710553126812677
11.746562967754626
81.72075495960472
23.030219973351027
0
19.967445211329704
28.672695645571807
32.800238220140315
30.083007150224887
19.774286402629755
4.000743124409096
17.09107095283576
3.0205316411111482
7.804366557796656
18.401245648069406
19.157247265605566
31.2233298552948
21.784868060492876
24.615067289034656
16.388026124819426
14.325821858428963
13.833568651557012
10.618393848526985
39.473715003845186
12.307436278615773
13.574972647436645
28.8078879716641
1
24.12152628725365
16.660615880272616
4.675644279022846
24.12876452012181
0.29769409855079587
0.8487547622303371
30.683111078497696
6.159393902776031
27.290244275175965
30.188023203607976
6.862199532898368
37.93656219770714
38.468136871282525
16.438638987260454
18.74777885208983
17.23788704402519
21.79721093757646
11.654905180502254
34.605634262655826
13.092775521187798
84.98292616357809
23.348101289779294
1
29.961425275033964
29.674439185786305
33.72786377963252
10.612450305843684
15.384217424496708
25.546773766000474
32.265233452895615
9.449613074707418
10.945024361112242
3.7095164881327136
13.683984612406622
34.595646675409114
35.00713527064828
10.70449128520318
35.22773772196187
38.32574498909337
37.325545574797026
35.64363073741451
29.01703684332029
22.33399710215361
58.277085374155156
27.733489630294148
0
3.210597768164596
5.651190136437552
14.554810868423775
4.468018453761653
15.955974801246295
21.324512819142406
25.824356771840176
9.304757563302513
30.951457651410685
27.722330320811853
33.373708151097965
34.11567969034803
2.663885127480645
24.85128651105324
1.7166536333782734
21.332681420168647
5.8892424661494
31.385561256715796
20.202161422255834
24.389656485112813
63.40532099674273
25.34578909411509
1
0.8663505394319593
5.025538018730242
29.987763054091808
18.264201076609634
22.23811795283904
18.510445151541425
31.69801227984648
33.600491598058746
14.502284376930987
27.82931251871417
37.31790817064814
37.34442914573294
30.48897407895054
12.058028096858614
11.252464123296345
24.988396119632853
4.832873046125572
17.474171504016006
25.33947734025351
27.187112142745583
33.68758439612054
21.842832569499453
0
16.361512325025576
11.990038502325016
30.667969516359538
30.663091412231775
3.7367314493684356
5.370042168008102
21.248576438248477
13.09288720932582
6.217122417861902
14.14453683910573
22.928688803126565
18.996096444126497
18.13730134235703
33.8275271238765
23.80143150712832
8.550310287937624
11.478067313961056
25.362441714231885
9.106313479360688
29.155482038517345
93.2337409848858
26.4599168317552
1
20.832095206531704
27.024915152246937
10.482656561356851
33.8958874764575
30.346884343237797
10.03715712864787
0.4813854171269849
32.31479845968896
26.790764801452546
12.506890752925326
32.65803376058131
33.51206806785599
37.77782750110067
39.79526068757632
27.857032255620737
8.225538934599307
38.01565444828843
28.82965440008956
30.260618637650264
8.61965089419568
80.34215306952383
22.921670749453234
0
14.74058940177537
22.194242755527185
6.474490443300964
2.6957102245170095
35.712630479954456
9.122886830943585
25.653360274372304
20.535525539585162
38.15720152134521
23.974378197158806
18.021108770909212
34.35599852081644
35.976470568741476
16.875056897372662
27.97875322838899
10.3973926004163
28.542410292283332
5.216069789694493
15.242480330925034
3.805322105492648
40.858363973813084
29.798744767055986
0
20.561684791405487
13.303606756639628
21.967939858894976
24.156212804839928
16.487952645535735
2.528215014760753
13.69313043559169
6.583617716103731
19.28781206026439
34.01856261645038
12.81969263664919
35.888041214192015
28.28907224030067
24.55072519881128
38.30127837054373
32.92481127594505
20.809479779134797
25.876457455620233
37.96094411982516
36.05484178748568
59.928672269622695
22.13486447115445
1
11.65690387928699
3.3715522734940206
31.900976130277442
1.2305271229698667
27.235562552307204
0.85313809814211
36.69674504396788
30.559787390293796
9.711622731674613
34.45854425298903
38.52717229872042
1.2111394543093201
34.82591012851544
4.390354735710331
21.138955714154726
11.651090070568916
34.48486152895947
29.319899956169124
23.963269515741786
30.345807702263627
24.794028348219854
29.378225880327957
0
22.46917861225542
39.46720282954689
16.531800456557487
33.45012770028296
18.290518510236133
38.17228358531355
5.523860368303692
31.852216608075427
31.8090486261121
1.4667589256633962
28.14971331522716
25.518602962526312
35.35927795094361
19.428908501238567
20.91115403952912
3.7371099669117758
5.715701977850585
25.86823446318709
37.068352804593744
6.798875587059441
13.196767874500303
24.068576535471024
0
16.48724800622162
14.280523416376084
34.779466082110766
35.96871680815423
7.130844830479353
0.3951554813515745
32.9391860744576
3.503501715945503
18.592615961575394
0.5456420231591697
4.126726865312995
5.09493426585097
35.65528817089027
38.382889533845805
23.47841699354849
32.79725041655011
34.07544781984581
21.8744766885089
23.433084786753714
12.558508345337831
9.3918183248187
21.83924009428723
0
11.79935698817943
2.554483242644965
31.09102393827389
7.554472039288438
18.341509507504306
0.7952298015566006
3.1150423216222967
12.298486525517802
3.527883556750928
10.632539542717371
6.488138504820591
31.30817697146859
18.99122170390602
37.22897343990403
3.086898309158821
32.671235654391594
6.105573361107699
31.87656086958253
32.24271785615577
15.850493079467057
55.397442918101056
29.92361366815778
1
0.6972280770576056
12.778160182463054
7.518718526918695
8.762555999869566
4.367106910910743
38.35344574247931
23.335936532236303
8.94034509856693
38.467967182016814
22.46977803997047
24.963296633834297
29.69880674476891
8.827386099783094
20.549964900117473
30.49759977734718
0.9339592439953703
28.832448296936285
29.961362121184038
25.496606765191977
5.607713790883491
3.633366680390593
22.60428466530954
0
8.974821435536931
10.561603775444324
14.504065772245758
16.89223638234934
13.678857158550205
14.214767169121242
28.040225208327044
38.29798541702023
0.8148881666825236
26.495635966174603
34.09764645382116
17.477274331855703
2.11919112326703
17.373148581373883
26.65438604568136
9.015667594678831
33.58824969213741
5.1929637085431635
30.44375036714399
3.9072078761101325
88.39367098942728
22.73365281067488
0
10.592744917021486
27.952146801533427
7.5039340178722025
27.181715381850204
31.2930596971146
1.140611937858913
10.342477206197028
33.312266832664704
21.152630891861648
2.5306970976487353
34.200855046492535
23.16331271479745
1.9755427115161517
26.404392653337258
0.7053132696863962
22.499421632402775
26.57543365106131
15.235516609815347
34.819099064473974
1.687374933903203
96.32092467726287
22.150776310539552
1
28.956424209125778
18.5494090591434
16.54582601984705
19.52827795069741
30.4218324651851
26.314670665105716
12.603432529959022
39.27905655983723
11.474694619908101
29.971042058006034
0.23623844307479658
17.32909445526858
35.746694757578005
31.97371495997352
18.48670524068153
0.8187390869014122
19.113886648937335
25.329997250575754
13.95413692759384
3.921938834495897
67.31404050525349
26.5391126358411
0
21.772783706549607
16.112589411401707
32.834307107972826
6.705703339736719
26.221946026680108
9.326473377765412
33.92948763573856
16.68018258416385
16.554808143002155
11.186169472617355
21.178134106787518
33.91056702986552
39.85680948772256
30.217789104215186
7.314975458828488
23.641925173150945
28.444113657006437
9.43297919965481
3.0164098277779283
34.03284697307497
92.2476350457703
23.324034155596557
0
21.151015432632803
19.266192808446657
1.8928898804443728
12.653332557369783
8.28110761555035
12.902190925719012
9.115753186911967
23.450866661848607
23.263295510061532
16.594728402255434
6.284914045662249
10.409171792992984
33.872621943621354
37.17743191546619
35.016037068597335
22.768611169378552
36.256066172600676
11.369137780855034
21.553889451282178
3.7496767296718936
32.27469160956563
28.21424781082666
0
11.7719095809628
27.747735365915737
1.0080066084924333
14.139412500800677
28.005000453783854
38.98103144749777
10.029762537643503
23.80782741759518
24.760462979950756
11.203750514485208
0.5381530919834443
20.504265507372832
3.93468539241534
15.275156339834432
24.122435491408023
11.379976825566555
19.749755724671125
26.522935563010194
31.575003433647012
0.1875688903214323
84.13915299295944
26.65280880747076
0
10.420118245372866
12.263246496682525
11.174787633137253
36.698739654184266
34.359267941759335
34.47214980248652
23.591529032165283
16.82547447345383
3.7973130620481266
8.062498143101022
0.97267466555647
9.507758132259987
16.48362661312854
33.6224664943574
8.436144092693771
9.350150161955003
38.97009025407306
3.4788767158916123
4.518666109233669
33.87705755934296
19.721232074518813
25.864042637317077
1
32.76335829990654
10.54701829945448
28.998107324741106
30.937415552308973
5.2842195407069115
29.813938407344516
30.457743055881256
14.662392335233786
8.599403180731922
23.518969894222344
24.6511616686363
35.21605024275212
10.952974991820778
25.70080668061067
21.562625711466264
39.998617510281754
23.73997339837863
1.0975460853398467
27.814274172782582
23.463393874552505
3.2148523972664877
21.274041874542554
1
37.73188164341819
34.20261649388466
34.02237259851694
18.341526484946154
16.74812688493802
27.711399181007174
6.716796171666601
33.73775126320111
8.621675433156897
6.525283994299382
35.095538104056544
34.486951704178466
16.24825467310607
17.029854714130614
14.354393597323035
0.68197394917207
17.14437290720131
12.422228341365322
6.717934548247042
5.277164786487765
69.40526739152826
27.275888630859683
1
19.263057420330494
27.452005368742807
16.295783762881904
27.76363006528419
25.095157351140497
25.583413433068994
16.465035005409845
15.187382660871203
20.644914428226492
9.820667778924097
31.30146665392099
23.107690606037835
2.0177926865057927
0.665054656207249
6.777160237910755
20.740342843607547
8.203737167877737
10.997249813013106
29.551995998180942
39.269558589605
18.545182132310078
23.01621823919447
1
19.00375476912151
15.373471281573853
32.783799040291925
2.7656809804579163
30.22855592722951
17.50078753959018
9.706282253406005
24.840181001753997
28.54579501861846
6.149351609040146
0.6349395792216539
29.353916171145084
29.159126510833882
16.442579657148464
28.16201630649013
30.73298573691003
30.960540308261134
19.70800218200155
12.515834374703601
19.091583055455402
85.0826335093393
21.415073749962186
1
26.82589573262872
23.341060916381615
5.972907862872114
28.510174903909792
10.2841766547767
21.174679020920095
32.53581515112919
26.97178276889765
35.802921433277525
9.25386271148026
37.45684738062147
22.65545937720148
35.443633927213305
39.74232952466658
1.9934023805401502
14.8917347702612
22.32394749354894
31.484451999718015
2.8294397980852626
20.657105398330682
78.22126652859717
26.358109029835646
0
22.332634878218936
21.63598432283122
33.80673680775078
2.448655409441627
22.17754635031046
38.38613126041596
7.703350002821527
23.943752112106303
21.675408324568824
10.1587321104966
2.008582430832635
33.55876307045347
13.076758564316782
36.22141440725311
4.554597131387839
36.4825619061151
18.676392361321653
29.951257926556313
32.91386502329103
0.7565518882180378
98.8826321980336
21.906652702441768
1
32.62911291219076
35.628213598187344
35.4013028003216
24.946230813730786
2.6388018872681895
6.709386523977661
37.99511918032047
30.804576214110902
7.018423032652397
31.16160894957619
39.05271705115199
5.128014734465531
18.198917479960045
21.219521489001192
29.20954961853504
8.730802272957344
14.730511122074637
11.000541860116924
5.064202792527253
11.90946404534798
18.811321800228754
29.606549157555584
1
10.108690743227413
17.73496107678906
9.687833467291025
7.229427671203181
9.090199030060004
0.5761002884459954
12.383734383183246
15.890433925315213
24.24295478244965
11.111705194969574
35.44350604006267
31.301994618567175
25.831477923561565
14.915791952455395
2.735585080203924
4.056131263586815
2.2405457654074956
28.585014600035272
30.886035291798464
13.11679310580827
23.01299282206233
28.803375152983893
0
0.8210207740386544
13.440548399886794
20.079608673691038
20.589148154218666
20.585410073998197
14.472532566398858
25.418220837675985
14.414698153637953
9.302489212844701
14.822439824939693
19.04421977370328
9.145927448832936
7.4490515686584935
14.918289864149465
26.543440005027676
35.30221880754145
35.76841371901809
16.331541829606103
0.997460901977627
4.165237246961797
26.182779232940902
21.114904514300605
1
38.487452243646956
39.12761862690874
18.452736419575988
7.736708747400289
36.80401700120421
15.685630536277252
32.4697796609323
13.71995071179905
39.03591581946874
7.227857557968598
8.573719213192263
1.5098452604746715
20.88530686780586
3.2647068142704017
17.97702215754859
13.363683392906193
10.21515918466429
11.789815775278019
31.493175408325786
36.925238625680535
51.03896504493284
24.514537876675185
0
9.771797657926612
12.74113427548739
10.309914481609406
22.059216501707674
32.28480725283498
34.98172818554944
23.294097445721125
17.099135042457192
13.979692687301139
7.345687359220401
8.005170449041877
29.219156025954636
18.54039026113329
7.506898249833922
12.815079755952414
32.57290598602736
0.4683280775336085
4.496276507960668
19.69012739691793
36.75770331233612
31.408372556258477
25.712171673933078
1
6.427963135464045
37.193368462514634
37.32040466504752
7.960692801448426
9.4754861477548
26.529776791389807
34.5684147414697
29.969115117849295
32.68420618508402
26.657474073211556
26.64023932128551
23.94448535550637
32.38365918863861
4.026857439958564
22.769049424818437
26.98938283718391
24.26743082573124
24.57982197628369
38.200635981159
2.879787321166818
71.42078325058652
25.76131470123402
1
20.910292212525587
16.835084835650626
22.43939869067983
8.267202977694396
22.4991533433618
14.259005598073031
8.85439594174619
19.37965856586636
0.5785833302324406
22.67050569125948
28.318405366646026
1.2086003299638293
18.836898663016633
9.605474926012434
10.7221872700763
9.669982883163982
21.09471333023844
4.7791376785068485
22.871288691630728
21.943399648613685
78.75291539505143
27.634231351343324
0
29.299614730892625
29.643710720751564
19.878759122685917
18.394261991163198
8.493539260692916
22.75424779486083
33.30416874654694
32.995060025345595
13.336158533242571
25.787043322437135
8.832077812190619
29.07124355165452
23.752025481948294
31.98666742169593
9.962500491879723
33.12694342865488
28.049627879950933
31.46185404979082
18.73399336893606
29.297775136580064
16.864915016197244
20.293639497036196
1
22.243028137646878
19.060012743707638
24.23141205519187
39.646406723923356
19.253823843681424
35.57945538286751
36.2028975550036
20.409253236062696
24.680238440498975
36.715615509416324
36.52056209432702
8.174705424217272
17.94900534885853
32.78325254734324
20.502729033557078
6.656674554180002
25.11516081095744
30.01844023069995
39.64028901258756
14.689860590564772
71.87343938394075
26.949638726378552
1
34.83005609216965
18.17238701722993
6.054723795416863
31.6846640124718
3.9593046015474087
23.244929456935658
9.288016762019108
30.605201362422623
17.32378890058845
30.9630269195666
0.5304344544472706
34.163862974065296
11.551691123251988
35.66829811392512
38.300164932418646
37.90144094628337
36.23062325168324
36.62252764013165
18.27733994164925
30.73583269028148
86.50552413716952
26.64486433949525
0
9.613408615766573
6.437682410577925
2.4864205492716174
5.0023013539758265
27.983387053304245
1.6146637316263446
24.193272728153783
28.22921258600555
6.2859679714053485
13.142879890886396
25.929729865612764
25.588508402978967
29.24162018860838
4.514673403817069
35.24918058369528
3.5488347857015823
6.674481724284997
8.862575597231267
28.534733244254433
1.889781348950872
8.908174280628833
20.53249838072587
0
28.27932275480006
19.569435537374385
11.938650493409995
30.50148950947175
3.3675794069346354
11.124906611423455
30.731381706534084
2.702457795057973
11.621186221266978
3.2800184377893027
29.46241692802643
27.33849543162782
18.954115191352187
31.51408440610934
32.33973709544897
14.945316863248856
14.841534728194832
39.31859373372595
5.306235713531553
15.775719343924614
82.07434492977733
28.66255183865833
1
36.56569985705025
11.370156533614026
11.679587203288854
19.987038853032463
11.764036107815542
0.1670927013978707
18.401212574513863
10.674002648592268
2.197636828933498
12.845554092084516
1.6945466326151593
5.699530651665352
33.92352517062635
19.408705820810958
32.38452192848292
13.222156104628585
28.194276627577484
26.24056095746688
20.86861521363469
26.21967556679335
69.87818751275013
27.032572839859313
0
25.85568072678482
12.717124906408724
3.2574875714763785
3.196634537923466
4.049346204837634
2.9963597246495466
30.448320151458397
16.69623248372318
9.531460119667155
27.884611005610935
23.413501704834594
28.27198258554024
39.66965709554829
28.726196264503187
1.4186003282589654
13.47609187603728
19.903144852707747
39.409824966856355
23.203985850230545
18.74995682698577
6.945185062997206
23.278674009337553
1
31.1013144387885
34.37148589327616
20.147718070817405
31.07770903997401
17.89484799976282
34.4163679719058
2.109659346043924
14.503379287069972
29.72664393313518
1.0452279274815757
24.608477272941514
1.32015328591931
22.637776725928056
19.31653071243251
24.492985631373884
6.831077464661122
5.0956017561049505
17.434631518834742
28.895542813009534
32.83645624591224
77.47006804862575
25.995841708242644
0
33.15531272450781
10.657220969392585
30.92524288281888
21.679781472429415
34.14125663822091
33.47282942586021
28.055352840881937
5.236495629343723
21.029095219755426
5.272721286360271
26.227821939015556
0.9618576598069772
36.04142193321094
3.8167593905360553
6.80147865541755
13.079019795324802
27.039131935868596
34.107157678548454
15.050783935721373
20.89694066586857
43.387349907671535
23.056843086310476
1
31.78748135306
14.357722928365945
6.3423301218785255
0.2044603242363996
21.85227782254836
3.220079558583362
21.531656880663906
9.114553233486102
23.626298589592658
22.008496870975126
32.366275694630595
1.2253416198702194
1.2087086348564435
14.865441463974962
13.69078953105408
8.332364877836834
25.614172822212087
24.730561712815412
18.185393393989845
26.808867906268286
61.39230300841123
28.84062237727815
1
39.826927495431946
2.229726601358988
8.967870815783128
4.473964201784102
27.554923789793506
28.71059747576298
33.57374901680004
38.2054053663334
2.8377900093225294
26.51054123761422
13.407776064248417
34.740346766330234
31.807914601547328
5.781385522972484
7.679380169926353
12.626064874469352
26.565420631171524
16.240216424452854
29.428231623533215
32.311289972502266
44.4083926437702
26.048948568694783
1
12.906314176879711
9.358354872025597
38.19873762029564
19.711680052772543
24.85646480120634
6.479261079988445
5.304020788754098
30.016488947840884
31.9731777810175
34.25358570440557
30.335973354632024
34.32456226765516
4.048567614232774
13.282567598767692
39.10022098764417
1.2428688209349126
21.336235959958717
29.8846796472749
29.063930327239813
16.983934084031368
4.708117961447888
20.83248140929487
0
39.69863790889892
33.12491880589971
39.29616491053578
36.84888425993643
13.7630894602202
33.77551461246095
32.300331706618
16.84208225292277
25.39314845099287
17.832288685541684
26.08017091221931
28.034160515322334
3.8161270954470616
19.811581012345837
21.877079586152117
27.745859215560426
37.70750079278638
28.506269176409653
24.696164740020766
7.267663973186682
26.657580296006678
24.42301064160202
0
36.987423937575194
20.02871016604238
3.873512349738273
5.681829653375838
8.145371966313707
29.44088749775474
39.837162228765166
17.435938989177806
10.230736787511336
20.91454017074557
27.779162428613557
28.90629967379478
20.008479857013125
16.651204124002646
19.603130395028256
27.244941431032885
27.563242160593823
33.53592958233649
0.8899842266056535
11.091848705647113
85.61890917074838
20.65995220361983
1
17.35183174908795
31.752359033047686
39.034724146627106
28.675615888972427
30.07862940383728
6.349749210023696
5.246317517870707
11.818358123393718
28.493696078513395
21.94502381219052
23.320466064615474
20.96425049199647
15.947373025429235
29.654128595359364
29.143666254100427
6.052196778604362
37.40876738684892
3.9062446224744374
4.546184322224871
35.201520742289595
8.970335454973988
26.520045273767273
1
26.968036641750235
27.878308556045216
27.742084363773362
20.341886368762104
0.5453397035664853
11.20939870291853
5.799671056453044
21.793630412699603
19.30454320470627
28.898132995721294
7.6542544854084005
25.110078582370697
31.441851757344676
4.34496534008793
8.359644435871507
25.576197200273945
2.7851487827803334
33.984041266576284
21.73123847636951
36.46854345797711
86.22957109346584
24.87596273381609
0
28.398496571274023
18.234867267263635
4.745418271534612
19.216182217564516
31.44943672813693
8.08086906707194
4.6514323636359745
4.414513282967136
33.886811729784505
3.0409924562943935
22.681244115900142
24.077863931121968
0.45682530018563927
24.031802093388638
14.912986466090095
30.857022878085935
34.53065271961555
36.18971635619898
13.883540015854251
7.394875870336768
19.306366678474273
24.656594272437882
0
25.162906198793706
14.469389118941148
13.354260040313513
1.1555645675661186
13.575666578768386
1.2083987127920226
35.173531279060285
0.5798646534253704
14.833077493149474
17.487343809249726
36.76167168320224
16.205552614162123
17.78163500512507
28.39229750799661
3.8358477454144912
13.257055399179066
36.350518770496485
10.834381853113824
36.73364320570735
30.5991791713357
26.69728759865163
21.346098418284768
1
38.07874006607147
8.719329195864427
27.24962495170775
36.833757027751076
19.619803612149337
9.003346570661073
3.1153922876909457
26.54705763545861
8.821299608469166
8.689357791630265
4.279688114860281
39.7565300838964
25.320990307345596
14.371213683377295
31.93067215924962
26.68983509421025
17.18234342442042
30.180026248425076
23.975331974024968
25.05599216672206
72.40099854435765
27.712361081590977
1
23.54334554653548
11.509259355563191
17.888421483288695
24.407346662450323
32.58619715275463
27.546598433346553
19.441253380479292
34.19689265342719
15.173127594438537
23.851069725504303
24.151389374944458
23.315787976052533
17.005520696840296
7.897783952077213
7.242249848147906
6.20895358567942
35.775363716625336
5.478084774636596
29.426741541870406
23.912981953286916
81.17244000097541
28.160800264420544
1
29.313696216862347
17.67366231390323
1.8963549165836646
36.04950483786398
25.597664933966584
15.833009519474057
25.81983956287559
25.26270558362921
25.912852560838083
33.67162055206167
35.87843147024132
33.7897868632365
36.57439026332302
31.224716357088454
21.987114249347467
4.298083546525611
9.540650101466355
0.18982276673581655
18.40185592780227
39.34867206183319
16.60682764836956
23.25093830660773
1
12.195084841739142
32.565349134575456
22.23339095848019
17.525145931534002
10.927473965219626
29.13042859984973
15.646435880626042
12.372373681131371
27.777651850707645
33.29706095860598
35.16573995790559
12.848736423557545
2.7491104286837764
1.000998878582866
34.303182855130146
3.921235142209478
21.500310853211275
33.902248163733496
1.3232543865012314
25.251039639879927
57.52700552516386
24.274865791096794
0
32.609094525452726
7.622367019167688
34.80251346544994
27.97481981226564
9.435531664756702
36.06123815594562
15.632913733110897
16.48333985896968
33.12370361900223
32.32295696477797
27.152236685657094
33.54526520808214
20.509286345271114
29.30022112473808
13.0267910454645
39.40773774263138
24.499256813520528
6.704509768394029
12.64635569164103
22.905279603462375
64.49289182395155
29.096008564227755
1
28.65324413972369
34.08949867671164
36.83066693752569
17.998638921352693
19.166241767586794
37.25411602860556
13.424869373375582
4.136631041136223
17.54500023270857
18.725641490921113
5.906466374186761
13.534881078779875
23.2161806028919
3.4959390917935496
34.732015270512456
30.972528010906583
37.025105050660244
39.39203238133559
37.537321234239194
19.78419762042428
38.56368528724865
20.045871799929504
1
31.34693052278046
38.48508071226571
21.897820863354674
35.132088644947316
3.3460430572910482
33.47479167184882
27.6401349743046
24.213758107407056
29.363195966250238
9.688464752764991
35.212332450996236
16.535482708362125
39.835401264781034
9.278069782428116
32.6608652100257
39.30853390258105
15.181558864767739
12.300888756642223
23.7325486535184
16.128974169068428
20.20586662634226
22.53051933132723
1
24.901226197913296
3.0091626289747087
24.166311474000036
36.808903142473795
11.174016943125977
33.06508090488837
37.44749149872828
20.46238744296992
36.807337615226686
14.553100690011354
38.997895000814836
14.540018144123326
3.30886147814204
31.382833369738854
22.935367426474876
17.622950118652096
2.706967272600651
29.13508969016682
35.48707748346033
27.36505076871415
69.78297000256912
29.61952862869986
0
1.834680137387723
39.643715264864674
7.705513483927442
3.217743297253124
8.843025548318755
24.92090910251126
34.8089565583112
11.450313371755492
0.1713631896685719
26.51798149383272
26.763398115805863
24.81203043186925
11.369812415671529
19.559266825826764
19.97455474548771
24.18487059981798
29.48513604287038
28.279931323998298
18.639954120508435
14.924310237530985
24.028664097900297
27.79772486343429
0
8.209430282162744
13.922715089691081
25.009843106582778
22.522226031538114
35.00881692002323
37.12361059278608
16.82732233540884
32.67578382471789
17.434961479432047
39.69604850602106
9.351539407750904
36.06196429271539
4.958729246394151
10.95804063846606
7.177596224024829
17.583257703474494
31.494207897334107
22.27048615309583
9.439018117188986
21.646069853291316
7.18167545436339
28.164064267283678
1
38.93542602093205
31.38040804015677
11.57317899885674
28.386183419150885
3.3582056949075323
30.28297651640241
13.40424876256009
22.580325325456485
12.030812512930096
33.671267099369665
11.840954712314499
30.815746975621053
39.069492735752696
35.536229258912954
27.171588630235185
28.361833520322214
13.003771582189456
21.182091399265573
1.3750428175495788
34.60912042294501
14.462575492011176
23.145136285967673
0
17.13362082798255
31.206338073492358
9.555123334628032
29.57863541946932
31.669154309926398
9.854957657926233
20.203944199006585
18.777096345432305
23.10053634368756
24.943279185484744
21.930693318868496
13.9992336427437
1.9344622128360411
33.99353018200419
3.62807641230789
29.41308195806007
20.758193968509172
31.96680180671157
25.87033989233258
26.97051814794742
17.392088273782434
27.576438084576075
1
29.571396292828958
36.26850196993988
17.749530299213696
3.467713539119428
34.76201202044706
13.562309694218264
19.600821030993124
24.808929269206534
7.937482637138071
27.50511704728225
2.184233299316767
25.03610872106848
6.106666390972486
13.379631033448586
8.774977390578304
36.7202661673243
39.28108689485139
22.870652546650064
25.398937879795444
16.028086546589087
74.64501812823744
24.364351414736788
0
16.67159738472951
4.143413888080945
39.51226447679845
10.628392375685149
8.61898798095857
34.637164049384694
17.938766635269914
31.467206656959004
1.20728718602237
24.652730974320075
15.646373255386589
28.024862684540427
30.08374406179
6.971605788870003
4.241833647165585
19.011431271099937
2.5795586008340754
31.707073584723062
3.5503007370424644
38.548824831600136
3.281578627270243
28.78582509472692
1
4.728452174267375
12.781731523020632
9.634494349542212
2.9258050522271395
16.003575644883114
13.166395777819272
23.331356677522272
23.170049026445724
23.84631141074628
22.80830782257351
5.973484055671716
20.500532625167153
17.24745233843087
22.421636319962282
30.971251428462182
33.46703751245337
24.61509679451245
3.5107247296028854
33.10328319962187
9.425457423901689
42.362692123451055
23.76615697604625
1
7.203786321967636
27.824898666654963
0.1016374779656104
20.535430433267084
24.371074800101606
20.018163452017266
5.912502879640638
25.492066963664154
17.780810055205354
31.876340704589715
36.54146046398946
38.99920448565551
28.303098351939852
32.49262448055016
31.528751051881617
23.363731196047812
6.967563542046369
7.563655046156086
14.463256620280323
15.757727072888592
25.370170191506926
28.540995341860594
1
32.78643850417787
18.073684132853096
7.772597140823274
16.662353057042516
29.3075047177601
26.135035453114618
15.990836539652435
35.407249873011125
22.384848213570024
39.32707553507951
15.052401962149675
21.81318597805026
4.065445268221897
36.50621378995402
6.327614032280526
20.788309622812612
13.872990428286647
0.03480549185332915
9.457902048284792
36.54564715159306
31.27917248827259
23.4582702560876
0
20.072775289582864
17.681088997011006
17.877206687071272
14.811131692227214
24.033460530540253
11.414410657006776
22.653652636703583
33.29181659570053
15.271595723213398
15.11585722952896
9.429841266267896
12.014464863777992
15.993586250387924
1.9858653068747634
15.01757078106856
35.79598507533221
26.328934305342027
28.64186254318714
10.23839740095915
37.56924509463292
17.32685145648354
28.237285854546407
0
9.862490660109163
3.3897761949903327
39.58921395665099
6.329389960488627
18.365150678840052
15.164827289230631
21.17341016996026
10.508494041340137
21.872901324305175
0.7147128382952728
27.273585621413638
33.61090180272366
3.760154201600523
28.520772904440577
30.93194771683431
25.32286488403109
23.12175020349597
29.445419576883975
10.047455563390733
4.747508131129412
57.64731916420863
24.077269381254958
0
16.44890169064885
35.13959245102356
29.79597796163339
38.68385872647717
2.497971722891137
9.425566592309075
20.026561760167198
13.516770816936585
15.774855000931932
19.756510814292042
39.667934191497224
15.69941623555815
10.959343481769155
3.0047742757999174
0.6061052515634779
23.35350989960906
30.870915494931765
38.53239648155519
24.363284715671206
9.055254549531092
69.72681694755342
26.327848403195368
1
4.154759342651442
39.8134913160317
35.84904147556998
7.766873500245932
32.09735424318719
12.204474334391776
26.943793728683055
17.494220802539708
20.40677517241771
38.57849148372219
27.865337608412375
31.0272626094112
4.116887967005405
9.22442224388977
1.0734884229305441
20.019296052059246
19.005714374709278
9.405695651687168
34.87302831554707
33.50981017816159
31.200792203219308
26.267845687340543
1
5.6781674699500195
14.230868693092127
2.9208505083076197
28.153912990717714
25.08397908602202
28.848656335454233
0.27827458895831825
11.590465934133336
32.834919422129516
31.668395584171233
30.99821696965435
11.167130153177762
36.040919062539864
30.93483035622735
35.55394072298786
1.0260728881120995
16.61274691169067
36.23686271910404
33.08121649281581
1.7570728817989778
98.9543777762578
24.52965361223928
0
38.20638099021243
5.479071584335893
29.71691280629024
22.405129275821587
30.940449054986313
4.94686263041094
21.8947412879649
22.219062608416216
7.381877757860833
32.573311522412894
8.60066812429315
15.52297788382913
0.05220687587562445
8.747010351184041
10.198295774336007
25.200884485971223
16.43276108604627
32.85527342059899
31.686736475170612
37.69290860115183
7.139854263228596
22.769867969276213
1
3.491455247522288
29.536487988063303
37.07806355664916
36.98596088619698
34.57495192625774
22.35407796681454
13.35895974714267
28.144098372822786
5.435119201165275
9.830763166334924
37.79791007640818
16.349958881274155
19.499478780193474
8.369852107960586
10.067444061112813
17.00224948988433
34.913659323715606
17.11583347782867
8.438867514436076
13.984534863349158
72.70215416873947
25.78036927222891
0
19.95416447390508
21.713559273694937
34.399705421989346
12.112902072460866
32.205637569029435
20.878001129174713
6.459865680758714
3.865830161618189
5.815927420564764
30.46882774632442
6.87453594166326
29.729713277231635
6.339189017778568
3.084810636524784
36.89234599507412
21.170613316889035
10.374449452861644
31.46260520450363
27.64839083356346
11.377408275564598
17.511782732978777
20.29489916124306
0
4.7020122265546105
10.608257046152826
39.9102572567062
1.644131836962095
28.956719467580537
31.302827454021525
0.03354113480886323
6.531572843280076
12.164895269882843
30.290403451387053
3.979594109113309
25.159679319721224
31.74394597067801
29.26315102708378
32.06113659022732
2.2288944851758874
19.24683513838488
17.03559838059459
30.922367207436032
5.430222280135331
12.633081770549259
24.736001470139506
1
27.314257678259892
15.204786630757843
37.88703927619339
36.97563292950176
34.642868565690776
25.664171531746533
12.899122620102359
13.125440602520047
27.229461422187455
12.163263237127993
39.41533810229576
15.989344695622858
27.501405019469026
38.3006597087447
11.328699942841771
25.38669083971906
6.358244317037123
20.95006546314056
7.48616337165962
37.0654246797752
99.89973132940145
27.073650005708423
0
20.774486004253706
22.23159667734043
21.154050518257105
18.719119497966147
8.078638652190318
6.154709576342383
21.126157935248315
20.34435489202974
14.462728812445675
14.06589556479448
25.6489152676632
32.167111004356116
32.908715576385895
23.652933851021576
22.15876569195908
8.504331583226614
27.688155760579924
27.1192613670093
14.419924332107058
8.678131029582836
69.28199446875254
29.503479107581136
0
28.861649199383468
1.3056712508381274
18.745922793145937
15.115426263105594
6.567447076085684
26.687385462721167
12.673287439297996
24.702222412168755
30.5018375368609
38.21660639128138
21.687279526136894
13.102354928735945
26.319821958272513
7.366294484221538
29.057624720753807
19.990328557160577
35.31128760161892
11.877247630331338
8.012786035017676
33.12582538490305
26.67688260427552
23.03347656379327
0
19.811106264753274
11.312497278821487
3.48938329020811
14.41280244395811
39.26415944175997
13.820711377093339
14.557888266486753
30.181059308756083
36.28913671617343
9.854741348710721
1.964172172396479
7.34866797296335
28.23517074856648
30.056043412963906
0.22271665703731625
13.578155037035643
4.320576639657685
31.04794031707496
39.494571456555576
22.995879097586833
44.015875352781045
23.07606359258194
0
12.301418024684448
23.277862775636613
16.65782052964162
1.6798470603379823
22.517147849200256
15.647524239568899
2.2916173052774003
35.809647875192944
8.172644340215566
20.056560841919023
20.315197356955093
37.26838716712062
6.743424910500075
6.979574543805773
22.41457847903839
34.66178031151304
19.913212260080652
20.429185657923014
19.64633086542416
16.538204332666055
14.669937039440084
24.768771231498413
0
21.51013512660354
25.20729609532569
27.476317656505472
18.437103357411317
34.29771808702088
10.151042323212591
9.795826731006327
9.864325845967322
10.09079855179749
26.722379020510743
10.395839910051642
11.773122314521887
0.27712767363119006
24.634442084864325
25.80663684285288
33.518399097861746
1.1989861779774502
13.905705376114955
37.14269629562486
1.5803797683170684
31.937938297623734
29.9904917906554
0
11.116915420632472
32.564950861073065
5.479130669331922
9.391365975092473
2.4434393744955374
33.47200351813261
1.8362435032240576
4.247516303682071
15.111375066850158
39.87141473475252
8.642621212312665
8.559863002939348
34.59305099628264
0.9079157019048045
36.11558859604176
3.720041320516989
26.8736737567246
25.59347962616911
30.597890964701367
27.164622529922845
65.93023740503726
22.287890956321394
1
33.13181991570397
24.64866449955141
12.331794363853437
19.40120944476616
25.72962517641667
16.362816857801654
25.261512583317696
9.217814280645985
25.24129019205383
20.282861515153073
27.976346753682094
9.049914711031398
12.253970736028851
24.153841117067998
12.256795890804382
22.645749576314465
29.99230669461766
17.977712256028436
7.291471598375012
13.483072198622828
18.305340358743504
26.602051655522395
0
0.5802204367573305
6.373429002511841
1.299367068278543
39.548938209867096
37.83681043461845
25.822060683281677
2.6633012735925554
18.391999688898668
6.329302822586027
10.069664638022493
36.24699105991167
23.4910084840471
13.303618438164918
20.64711054743509
36.306893874564295
3.4846386014808184
37.77697165341301
31.997883940632512
23.516456399646863
29.448416890177484
40.07427312207573
26.18586314251803
1
1.6100364377658138
37.49667142256201
4.180412965599811
16.980367875029202
38.205552982752
15.452501902543982
35.63481032355861
3.60929143078617
12.069442131328344
26.209330137964393
38.84592667500895
28.08685550029086
6.7608346305824085
8.672946236133754
17.16496051084432
19.348302818482978
12.990515546827721
26.131370932922664
2.1996201988417985
38.915410864650404
19.860740073931083
22.63984073039832
0
10.467788623071526
7.55942283616772
15.014098557131366
19.974418918209054
5.228793092749333
39.84706342270818
15.14172110099388
32.06242589553263
15.04153028179056
21.17262319009084
0.7921370138187545
10.313786396398301
14.954447641134196
29.905696518421237
17.4994269379171
36.02047461712785
3.2877699018487183
30.499838539096125
18.224864220456695
39.48859992754167
33.65057861423685
27.307647704110277
1
18.813773036931885
26.089261103147066
30.86088572419952
27.66442058327387
4.832167067609334
21.075829402191527
25.98851774505224
21.968090464585327
22.029125257058485
23.684172082502116
28.925399761066043
5.562831406149384
33.78171999350545
31.437993890626373
29.670131645478975
32.46241978112097
38.43242201335145
16.75459214712124
1.1284694590747257
10.106213735811732
71.83982629744537
25.06299542934167
0
2.117512014249008
12.15212788943358
35.00347739592544
21.85460775277113
11.96120106893607
25.19585727427893
9.007359024058971
31.14355998312599
33.964237547473324
18.02728038980863
30.343749486255547
24.372145795657453
0.9219522611828035
33.65842422296148
32.54540022167573
0.6726583762391414
11.211431384841383
36.64928637986063
2.5321559812465466
0.708820224061113
3.179378196272198
22.609387625096335
1
20.948936599600323
8.287604292004222
26.917059309911263
3.064115829693841
21.8115573943521
19.41653980686894
26.339975579918548
3.654421068131528
31.708301260938242
13.968934065282802
11.84308429041975
25.11283266047338
32.569720849847556
25.01763471674898
27.26565899233966
30.80967250299395
4.242273288677896
5.503930130049701
14.190396620015363
28.071993355271477
83.41482304424004
23.64361533478322
1
11.626733067936676
23.920727956059594
16.282175910383128
11.431976020655078
24.01135354816935
5.034725181594029
21.373759099992174
13.051311677669792
28.990895875207414
6.1233849013829955
17.828197362618848
32.833432380189784
31.718949602111287
18.997991009438593
13.710134142481989
1.1392062747997178
16.42441353049272
11.7197556756641
0.5675591664953394
0.7386798373005732
84.93583127399124
20.26312421055399
1
30.676870081612368
2.543606623957646
23.952030273772444
33.269240088065104
38.40972827751039
32.151699199498545
21.77205922669835
2.0426717801929906
8.733329338189062
17.565327782471027
20.161271608042593
35.973442311724504
1.6407990618588064
9.610308271336251
9.206142366354255
29.157656925266817
34.21258853624422
27.695060040287878
31.863919926674058
20.91511273767013
71.65622819633349
22.487067696969046
1
23.984718353413243
12.990364202989033
22.086330108435913
34.77323053874314
20.127862562923376
32.782278145692125
1.3728448824139194
27.767262131387938
17.05060338688761
15.722976239244527
6.068734383441465
5.312113421727691
12.475935939764998
18.7262706679321
34.33581941406074
21.56719346499223
0.29272583471562363
30.67462578631119
2.5869262758098
38.29688249255093
30.44796134689065
29.119581157978775
0
13.0494371806396
36.03955813729726
21.24841952487078
37.379757986224135
9.47282392423578
37.93855218057967
17.34699572704165
5.69088358012626
23.181778204340056
27.213248072826758
19.033740122048215
1.993170245462239
1.30314100589763
11.258192754243579
29.616487034300896
8.957697222734694
36.72499046124881
13.899395052769936
9.364784919011559
18.706319698680055
73.76827081787307
20.580274165343972
0
2.5931808794846356
18.452399119394045
36.77196872456018
24.62374646348536
21.043085654657773
2.3913957811259223
38.648965705274534
34.46256595643509
30.240624337898147
20.34300130120709
39.13360675743382
21.481008657882374
35.10963653778889
19.457605777011263
4.814016810155501
0.607962063243539
20.33353130269279
0.4308330410480732
1.4966659572352325
6.712252293129408
76.12545453413928
26.975714563753854
1
31.99320781998373
29.824012575388082
14.851308000712491
34.133040237244664
8.435746252029332
21.653316138294258
22.308320787010803
31.402786889506768
3.9614953622434657
13.373194477283587
28.029366237443792
14.121708249639191
25.69951695089638
31.477252683830027
8.58839133902257
28.266668942775937
4.171332064382467
32.976183730671096
17.591742229039795
34.526555378761806
75.40870544946526
24.567400822611255
1
